65 79 72 71 39 18 73 46 52 90 74 86 95 44 85 82 63 82 49 23 84 36 49 19 92
20 56 55 59 53 18 65 17 63 73 85 30 84 42 22 99 68 53 60 36 17 62 89 45 96
48 35 28 71 33 45 39 47 11 34 85 19 66 15 14 39 69 55 26 43 21 92 12 40 58
49 80 78 45 92 78 84 65 71 17 61 76 60 70 96 50 55 15 41 11 98 55 25 70 59
17 84 11 15 79 36 35 30 11 69 30 66 58 18 13 72 56 32 53 21 87 48 45 99 22
33 11 50 65 53 94 89 55 60 71 15 60 85 22 40 59 95 20 61 66 38 31 63 97 46
14 30 71 63 71 49 60 95 14 47 29 79 24 66 66 69 73 70 77 80 75 67 11 13 55
32 95 16 14 18 23 81 85 62 80 27 11 82 28 40 91 64 50 87 68 47 60 38 92 29
56 19 19 37 80 89 53 63 11 79 55 32 88 59 31 70 79 48 61 90 32 20 88 56 30
76 62 85 89 24 23 62 35 42 76 21 80 86 79 54 18 42 18 13 60 92 71 49 60 62
65 52 43 67 97 84 72 11 50 50 25 82 60 86 33 18 13 82 56 91 40 34 22 76 85
67 82 70 97 14 17 69 32 89 84 67 73 61 76 36 97 91 23 39 95 49 71 76 55 28
31 92 84 46 71 97 52 25 90 19 23 14 14 16 24 35 69 72 66 94 78 60 51 43 14
91 47 11 53 13 12 46 63 24 35 12 25 76 42 59 75 94 25 13 59 11 41 64 66 13
83 72 76 21 74 11 97 18 19 79 40 10 68 56 41 31 43 67 10 92 73 56 23 68 23
22 89 74 58 99 17 33 95 84 34 12 34 18 76 62 46 12 63 41 62 17 25 67 71 21
45 22 11 74 47 70 29 62 11 95 32 66 15 21 58 33 69 15 10 61 92 63 76 48 22
17 12 37 13 75 20 40 70 75 22 19 12 75 11 39 58 84 58 41 47 27 32 24 51 58
54 97 60 68 94 76 62 77 80 84 88 29 32 37 79 85 39 31 47 67 63 38 23 61 61
65 39 37 26 89 40 71 38 75 28 24 12 75 13 85 57 25 41 95 86 35 89 19 27 62
43 65 42 58 75 70 27 36 10 74 17 55 82 38 77 16 94 23 73 81 20 67 16 81 38
21 54 25 62 67 11 70 79 86 36 82 90 56 23 30 35 33 59 67 59 10 48 84 46 56
92 76 32 64 78 40 73 62 50 18 87 39 92 64 45 16 81 84 61 79 98 67 36 63 73
30 43 98 75 67 84 27 12 45 80 57 11 23 21 18 67 77 62 97 42 64 57 73 24 59
64 42 77 36 11 74 18 22 80 12 73 84 68 10 32 29 76 38 42 26 27 11 39 73 56